P1 2 19 24
P2 6 16 28
P3 8 6 16
P4 8 12 22
P5 9 4 21
P6 11 16 33
P7 13 7 29
P8 17 3 27
P9 17 2 24
P10 18 4 29
P11 20 4 26
P12 24 11 45
P13 26 16 45
P14 30 11 46
P15 34 12 49
P16 35 17 57
P17 35 16 53
P18 36 6 49
P19 40 4 51
P20 43 20 70
P21 46 13 69
P22 48 19 75
P23 48 3 57
P24 48 3 60
P25 52 5 65
P26 56 11 69
P27 58 3 66
P28 60 14 78
P29 63 1 68
P30 64 4 78
P31 67 5 80
P32 67 19 93
P33 68 7 82
P34 70 3 79
P35 70 8 87
P36 72 20 100
P37 72 12 94
P38 75 19 98
P39 75 10 88
P40 77 20 102
P41 81 20 110
P42 82 8 97
P43 85 6 97
P44 86 15 111
P45 87 1 98
P46 89 4 95
P47 92 7 101
P48 94 13 112
P49 97 4 103
P50 99 18 120
